epoch:60 0.5901  0.8058  0.6489  0.2178  0.4642  0.6846  0.4753  0.6798  0.6914  0.3434  0.5744  0.7659  4.0028  1e-05
epoch:61 0.5846  0.8019  0.6432  0.2036  0.4624  0.6786  0.4704  0.6736  0.6854  0.3361  0.5755  0.7577  4.0892  0.000142
epoch:62 0.589  0.8068  0.6509  0.2045  0.4586  0.6842  0.4745  0.6788  0.6906  0.328  0.5714  0.7676  4.0799  0.000129
epoch:63 0.5847  0.8013  0.6454  0.2087  0.4609  0.6788  0.4706  0.6753  0.6878  0.3398  0.577  0.7586  4.218  0.000116
epoch:64 0.575  0.7916  0.6342  0.2122  0.468  0.6654  0.4614  0.666  0.6781  0.3497  0.58  0.743  4.1249  0.000105
epoch:65 0.5866  0.8037  0.6479  0.2117  0.4625  0.682  0.4727  0.6785  0.6905  0.3478  0.5749  0.7646  4.0781  9.3e-05
epoch:66 0.5846  0.803  0.6456  0.21  0.4621  0.6774  0.4695  0.6742  0.6864  0.3448  0.5747  0.7576  4.1212  8.3e-05
epoch:67 0.5848  0.8013  0.644  0.208  0.4662  0.6782  0.4706  0.6757  0.6876  0.3421  0.5772  0.759  4.0181  7.3e-05
epoch:68 0.5864  0.8025  0.6471  0.2107  0.4616  0.6813  0.4735  0.6765  0.6885  0.346  0.5733  0.7616  3.9549  6.4e-05
epoch:69 0.5897  0.8039  0.6502  0.2092  0.4631  0.6854  0.4749  0.6798  0.6916  0.3452  0.576  0.7658  4.1285  5.5e-05
epoch:70 0.5827  0.7974  0.6452  0.2127  0.469  0.6757  0.4686  0.674  0.686  0.348  0.5796  0.7559  3.9365  4.8e-05
epoch:71 0.5833  0.7977  0.6443  0.2149  0.4672  0.6758  0.4693  0.6734  0.6851  0.344  0.5776  0.7548  3.9349  4.1e-05
epoch:72 0.5891  0.8053  0.6501  0.2106  0.4621  0.6834  0.475  0.6803  0.6922  0.3466  0.5765  0.7654  4.0274  3.4e-05
epoch:73 0.5867  0.8017  0.647  0.2117  0.4656  0.6799  0.4715  0.6767  0.6887  0.3393  0.5768  0.7602  4.0884  2.9e-05
epoch:74 0.5854  0.8012  0.6447  0.1991  0.4551  0.6812  0.4722  0.6759  0.6875  0.3205  0.5671  0.7656  3.8341  2.4e-05
epoch:75 0.5852  0.799  0.643  0.2176  0.469  0.6783  0.4697  0.6758  0.6881  0.3528  0.5821  0.7567  4.0198  2e-05
epoch:76 0.5882  0.8021  0.6469  0.2128  0.4678  0.6822  0.4731  0.6783  0.6903  0.3525  0.581  0.7607  4.091  1.6e-05
epoch:77 0.5903  0.8043  0.6512  0.2102  0.4646  0.6852  0.4751  0.6797  0.6914  0.3392  0.576  0.7655  4.1559  1.3e-05
epoch:78 0.5892  0.8028  0.6491  0.2122  0.4675  0.683  0.4749  0.6794  0.6914  0.345  0.5791  0.763  3.9743  1.2e-05
epoch:79 0.5907  0.8039  0.6486  0.2119  0.467  0.6851  0.475  0.68  0.6923  0.351  0.5786  0.7648  4.1829  1e-05
