epoch:0 0.2673  0.564  0.1979  0.0579  0.2249  0.3141  0.2883  0.4705  0.4947  0.1506  0.4233  0.5397  10.4202  0.001
epoch:1 0.4626  0.7759  0.5017  0.1532  0.3669  0.5297  0.3934  0.576  0.5909  0.249  0.4923  0.6455  6.6299  0.000999
epoch:2 0.5077  0.7948  0.5742  0.1605  0.4025  0.59  0.4164  0.6079  0.6231  0.2644  0.5365  0.6865  5.9677  0.000997
epoch:3 0.5129  0.7966  0.5855  0.1686  0.4138  0.5948  0.4202  0.6178  0.6316  0.2755  0.5471  0.6944  5.8517  0.000994
epoch:4 0.5247  0.803  0.6084  0.166  0.4237  0.6047  0.4284  0.6285  0.644  0.2928  0.5548  0.7065  5.7574  0.000989
epoch:5 0.4902  0.7873  0.5384  0.1518  0.3967  0.5691  0.4098  0.603  0.6166  0.2952  0.5344  0.6707  5.8053  0.000983
epoch:6 0.5321  0.7988  0.5973  0.1776  0.4217  0.6226  0.4335  0.6334  0.6484  0.299  0.5561  0.7156  5.4908  0.000976
epoch:7 0.495  0.7945  0.5667  0.1628  0.4043  0.5768  0.4109  0.6042  0.6182  0.2766  0.5442  0.678  5.1801  0.000967
epoch:8 0.5426  0.8025  0.6166  0.189  0.433  0.63  0.4409  0.644  0.6591  0.32  0.5605  0.7242  5.267  0.000957
epoch:9 0.544  0.7988  0.6195  0.1849  0.4338  0.6281  0.439  0.6406  0.6558  0.3194  0.5608  0.7192  5.2413  0.000946
epoch:10 0.5224  0.7981  0.5974  0.1754  0.4281  0.5962  0.4294  0.6236  0.6384  0.3096  0.5545  0.6952  4.9958  0.000934
epoch:11 0.552  0.8026  0.6216  0.1834  0.4451  0.6349  0.4483  0.6546  0.669  0.3348  0.5768  0.7297  5.1793  0.00092
epoch:12 0.5375  0.801  0.609  0.1913  0.4271  0.6284  0.4421  0.6423  0.6595  0.3246  0.5645  0.7265  5.0606  0.000905
epoch:13 0.5512  0.8059  0.6231  0.1876  0.4287  0.6399  0.45  0.6504  0.6645  0.3142  0.5538  0.7381  4.9995  0.00089
epoch:14 0.5486  0.8026  0.6156  0.1871  0.434  0.6388  0.4463  0.6473  0.6609  0.3128  0.5614  0.7292  4.9833  0.000873
epoch:15 0.5543  0.8003  0.628  0.1879  0.4393  0.6406  0.4488  0.6488  0.6632  0.3238  0.5691  0.726  4.8506  0.000855
epoch:16 0.5436  0.8022  0.6172  0.1808  0.4309  0.6309  0.4426  0.642  0.6557  0.3036  0.5617  0.7231  4.8681  0.000836
epoch:17 0.5553  0.8041  0.619  0.1898  0.4388  0.6485  0.4501  0.651  0.6667  0.3161  0.5627  0.7382  4.8957  0.000817
epoch:18 0.5554  0.8074  0.6253  0.1793  0.4353  0.6467  0.4503  0.6517  0.6655  0.3079  0.5618  0.7381  4.8349  0.000796
epoch:19 0.5464  0.7946  0.6184  0.1895  0.444  0.6374  0.4487  0.6518  0.6662  0.3228  0.5775  0.7307  4.95  0.000775
epoch:20 0.5565  0.8025  0.6207  0.1974  0.4456  0.6482  0.452  0.6575  0.6719  0.3417  0.5746  0.7386  4.6613  0.000752
epoch:21 0.5584  0.8026  0.6291  0.1884  0.4415  0.6514  0.4526  0.6587  0.6736  0.3343  0.5706  0.7421  4.6645  0.00073
epoch:22 0.5703  0.81  0.639  0.1883  0.447  0.6593  0.4577  0.6614  0.6741  0.322  0.5687  0.7447  4.6169  0.000706
epoch:23 0.5629  0.807  0.6286  0.1914  0.4388  0.6521  0.4553  0.658  0.6705  0.319  0.5608  0.7425  4.5048  0.000682
epoch:24 0.5271  0.7826  0.5984  0.202  0.4462  0.6069  0.4277  0.6289  0.6427  0.3594  0.57  0.6945  4.5755  0.000658
epoch:25 0.5707  0.8054  0.6361  0.1936  0.4519  0.6636  0.46  0.664  0.6763  0.3334  0.5712  0.7487  4.4727  0.000633
epoch:26 0.5643  0.8048  0.6353  0.1916  0.4506  0.6547  0.4572  0.6595  0.6723  0.3286  0.5702  0.742  4.6858  0.000608
epoch:27 0.5671  0.8029  0.631  0.2096  0.4518  0.6541  0.4583  0.6589  0.6715  0.3345  0.5653  0.7381  4.4327  0.000582
epoch:28 0.5747  0.808  0.6391  0.2012  0.4522  0.6633  0.462  0.6662  0.679  0.3209  0.574  0.7464  4.4308  0.000557
epoch:29 0.5747  0.8076  0.6405  0.2027  0.4541  0.6627  0.4652  0.6687  0.6814  0.3343  0.5714  0.7514  4.6307  0.000531
epoch:30 0.5712  0.8076  0.6365  0.1915  0.4518  0.6594  0.4598  0.6619  0.675  0.3171  0.5706  0.7427  4.4683  0.000505
epoch:31 0.57  0.8058  0.6337  0.1972  0.4475  0.6624  0.4603  0.6634  0.6761  0.3384  0.5662  0.746  4.3071  0.000479
epoch:32 0.5716  0.8029  0.6378  0.1913  0.4595  0.6612  0.4599  0.664  0.6774  0.3309  0.5787  0.7448  4.3939  0.000453
epoch:33 0.5762  0.8093  0.6469  0.2054  0.4538  0.6622  0.4637  0.6656  0.6787  0.3298  0.5707  0.7479  4.3126  0.000428
epoch:34 0.5729  0.8049  0.6413  0.2028  0.4521  0.6678  0.4622  0.6671  0.6803  0.3293  0.5699  0.7515  4.3356  0.000402
epoch:35 0.5777  0.806  0.6415  0.1932  0.449  0.6692  0.4658  0.6701  0.6828  0.3231  0.5646  0.7561  4.3311  0.000377
epoch:36 0.5765  0.8054  0.6445  0.1952  0.445  0.67  0.4654  0.6681  0.6801  0.3174  0.5586  0.7546  4.2882  0.000352
epoch:37 0.5801  0.8065  0.6417  0.201  0.4524  0.6732  0.4668  0.6708  0.683  0.3234  0.5659  0.7573  4.3872  0.000328
epoch:38 0.5794  0.8043  0.6413  0.2046  0.4509  0.6729  0.4682  0.671  0.6837  0.3412  0.5661  0.7562  4.0616  0.000304
epoch:39 0.5803  0.8054  0.6436  0.1934  0.4546  0.6735  0.468  0.6721  0.6856  0.3268  0.5699  0.7594  4.1401  0.00028
epoch:40 0.5843  0.8067  0.6448  0.1925  0.4567  0.6758  0.4687  0.6734  0.6853  0.3204  0.5671  0.7596  4.2784  0.000258
epoch:41 0.5817  0.8055  0.6444  0.1975  0.4608  0.6735  0.4674  0.673  0.6858  0.3346  0.574  0.7568  4.2592  0.000235
epoch:42 0.579  0.8006  0.6404  0.2047  0.4578  0.6716  0.467  0.6696  0.6812  0.3275  0.5659  0.754  4.0533  0.000214
epoch:43 0.5851  0.8057  0.6475  0.2107  0.4651  0.6754  0.4696  0.6734  0.6858  0.3406  0.5738  0.7568  4.2812  0.000193
epoch:44 0.5822  0.8016  0.6396  0.2086  0.466  0.6746  0.467  0.6717  0.6843  0.3463  0.58  0.7531  4.1494  0.000174
epoch:45 0.5852  0.8065  0.6473  0.2077  0.4607  0.6769  0.4698  0.6747  0.6871  0.3397  0.5718  0.7591  4.0381  0.000155
epoch:46 0.5878  0.8072  0.6497  0.2125  0.4634  0.6816  0.4723  0.6787  0.691  0.3416  0.5797  0.7643  4.2044  0.000137
epoch:47 0.5822  0.8  0.6424  0.212  0.4686  0.6751  0.4694  0.6741  0.6863  0.3546  0.5824  0.7561  4.1661  0.00012
epoch:48 0.5898  0.8075  0.6496  0.2072  0.4618  0.6841  0.4737  0.6795  0.6909  0.3314  0.5718  0.7671  4.1493  0.000105
epoch:49 0.5746  0.7926  0.6321  0.2066  0.4676  0.6668  0.4629  0.6655  0.6772  0.3454  0.5778  0.7436  4.2018  9e-05
epoch:50 0.5754  0.7931  0.6336  0.2145  0.4614  0.6668  0.4621  0.6675  0.679  0.3615  0.5768  0.745  4.1558  7.6e-05
epoch:51 0.5636  0.7825  0.6229  0.2119  0.4631  0.6523  0.4547  0.6571  0.6684  0.3631  0.5767  0.7293  4.2556  6.4e-05
epoch:52 0.5835  0.8  0.6425  0.2133  0.465  0.6756  0.4691  0.6719  0.6836  0.3404  0.5796  0.7524  4.2719  5.3e-05
epoch:53 0.5894  0.8043  0.65  0.2127  0.4652  0.6831  0.4725  0.6772  0.6888  0.3377  0.5761  0.7616  4.0827  4.3e-05
epoch:54 0.5888  0.805  0.6493  0.2156  0.4642  0.6811  0.4726  0.6772  0.6887  0.3432  0.5774  0.7613  3.9287  3.4e-05
epoch:55 0.59  0.8073  0.6513  0.2151  0.4621  0.6844  0.4743  0.6801  0.6921  0.3442  0.5741  0.7674  3.9845  2.7e-05
epoch:56 0.5847  0.8025  0.6434  0.2138  0.4639  0.6786  0.4709  0.6752  0.6869  0.3477  0.578  0.7581  4.1204  2.1e-05
epoch:57 0.5902  0.8057  0.6508  0.2142  0.4636  0.6844  0.4737  0.6796  0.6911  0.3463  0.5737  0.7655  4.0531  1.6e-05
epoch:58 0.5899  0.8047  0.6498  0.2152  0.4631  0.6854  0.4745  0.6787  0.6912  0.3418  0.5737  0.7647  3.8337  1.3e-05
epoch:59 0.5917  0.806  0.6525  0.2146  0.4651  0.686  0.4752  0.6812  0.6931  0.3485  0.5772  0.7674  3.9852  1.1e-05
