epoch:0 0.2789  0.5808  0.2123  0.0572  0.2293  0.3404  0.2847  0.478  0.4984  0.1434  0.4195  0.5526  10.313  0.001
epoch:1 0.481  0.786  0.544  0.1596  0.3871  0.5483  0.4006  0.5881  0.6001  0.2403  0.5086  0.659  6.5946  0.000997
epoch:2 0.5122  0.7917  0.5752  0.1713  0.4013  0.595  0.4245  0.6177  0.63  0.2628  0.5242  0.6983  6.0433  0.000989
epoch:3 0.4775  0.7931  0.5318  0.1424  0.3817  0.5572  0.3969  0.5866  0.6016  0.2686  0.5208  0.6597  5.759  0.000976
epoch:4 0.5282  0.796  0.5959  0.1635  0.4145  0.6165  0.4355  0.6364  0.651  0.2964  0.55  0.7186  5.541  0.000957
epoch:5 0.5267  0.801  0.5927  0.1793  0.4241  0.6079  0.4317  0.6298  0.6448  0.2981  0.5579  0.7038  5.4681  0.000934
epoch:6 0.5347  0.8031  0.6166  0.1713  0.4206  0.6217  0.4369  0.6342  0.6481  0.289  0.5505  0.713  5.419  0.000905
epoch:7 0.5331  0.8043  0.6086  0.1747  0.4283  0.6219  0.4392  0.6388  0.6532  0.293  0.5607  0.7197  5.4382  0.000873
epoch:8 0.5427  0.8006  0.6154  0.1692  0.4387  0.6267  0.444  0.6412  0.6568  0.2905  0.5673  0.7235  5.3484  0.000836
epoch:9 0.5472  0.8077  0.6226  0.1829  0.4406  0.6292  0.4454  0.6438  0.6579  0.3085  0.5704  0.719  5.1278  0.000796
epoch:10 0.5403  0.8008  0.6117  0.173  0.4321  0.6285  0.4414  0.6401  0.6556  0.2962  0.5618  0.7207  4.9161  0.000752
epoch:11 0.5601  0.8097  0.6315  0.184  0.4407  0.6473  0.455  0.6589  0.6738  0.3049  0.5702  0.7442  5.0685  0.000706
epoch:12 0.5648  0.8069  0.6359  0.2065  0.4412  0.6538  0.4587  0.6625  0.6766  0.3379  0.5698  0.7447  4.9571  0.000658
epoch:13 0.5552  0.8  0.6262  0.1927  0.4487  0.6406  0.4526  0.6571  0.6717  0.3327  0.5811  0.7346  4.8305  0.000608
epoch:14 0.5692  0.806  0.6334  0.1935  0.4402  0.6618  0.4627  0.6697  0.6843  0.3351  0.5699  0.7523  4.7322  0.000557
epoch:15 0.5778  0.8126  0.6485  0.2095  0.4554  0.6667  0.4652  0.6731  0.6872  0.346  0.5833  0.7536  4.7839  0.000505
epoch:16 0.5592  0.8018  0.6292  0.2044  0.4518  0.643  0.4504  0.6581  0.6717  0.3447  0.5833  0.7325  4.8219  0.000453
epoch:17 0.5745  0.8068  0.6377  0.1987  0.4555  0.6667  0.463  0.6706  0.6838  0.3388  0.5811  0.7507  5.0584  0.000402
epoch:18 0.5657  0.8038  0.6325  0.1989  0.4523  0.654  0.4556  0.6606  0.6741  0.3394  0.5761  0.7384  4.5721  0.000352
epoch:19 0.576  0.805  0.6383  0.2051  0.4496  0.6703  0.4677  0.6751  0.6887  0.3485  0.575  0.7593  4.6514  0.000304
epoch:20 0.5866  0.8136  0.6492  0.2093  0.4575  0.6807  0.472  0.683  0.6967  0.3509  0.5902  0.7672  4.4338  0.000258
epoch:21 0.5836  0.8105  0.6478  0.2125  0.4477  0.6815  0.4709  0.6784  0.6922  0.3427  0.5767  0.7662  4.393  0.000214
epoch:22 0.5877  0.8111  0.6494  0.2194  0.4581  0.6822  0.4744  0.6829  0.6965  0.3482  0.5809  0.7687  4.6491  0.000174
epoch:23 0.584  0.8104  0.6451  0.2149  0.4596  0.6779  0.4707  0.6783  0.6918  0.3553  0.5804  0.7614  4.463  0.000137
epoch:24 0.5909  0.8139  0.6553  0.2133  0.4601  0.6853  0.4747  0.6836  0.6981  0.3499  0.5854  0.7709  4.3967  0.000105
epoch:25 0.5903  0.8112  0.649  0.2114  0.465  0.6846  0.473  0.6835  0.697  0.3528  0.5881  0.7677  4.2863  7.6e-05
epoch:26 0.5848  0.8048  0.6459  0.2155  0.4669  0.6783  0.4688  0.6779  0.6915  0.3557  0.589  0.7591  4.3096  5.3e-05
epoch:27 0.5849  0.8038  0.6452  0.2164  0.4681  0.6788  0.4705  0.6796  0.6931  0.3568  0.5894  0.7612  4.3166  3.4e-05
epoch:28 0.5912  0.8109  0.649  0.2165  0.4679  0.6848  0.4741  0.6845  0.6979  0.3524  0.5886  0.7685  4.5877  2.1e-05
epoch:29 0.5933  0.8122  0.6529  0.2228  0.4662  0.6881  0.4749  0.687  0.7008  0.3581  0.5896  0.7724  4.2852  1.3e-05
